26.386221658554657,26.328171175442513,32.0298705921361,30.55590699311347,30.5577256558779,30.569540172298506,30.5555555555555,28.194372211630572,99.38278002389485,3.718841781683422,8.84536716932128,-14.556396274297693,201.1215195972953,1,27,27,27,33,33,27,33,100,100,100,100,100,100,0,m0.7,m0.11,p_m.11,m0.11,p_m.14,0,0,0,0
26.32235251812741,27,26.77393618977226,30.566904799560746,30.5555555555555,30.560642438368355,30.5555555555555,100,138.90982331397245,207.7169177019701,44.93784485813712,-59.87962825797712,192.89103159206726,1,30.174173050420087,27,30.5555555555555,33,30.5555555555555,30.55933677247939,30.5555555555555,100,39.7945528154113,100,39.7945528154113,-54.76371274627244,192.89977193162784,1,p_m.10,m0.7,p_m.12,0,p_m.10,0,p_m.10
26.32235251812741,27,26.77393618977226,30.566904799560746,30.5555555555555,30.560642438368355,30.5555555555555,100,138.90982331397245,207.7169177019701,44.93784485813712,-59.87962825797712,192.89103159206726,1,30.174173050420087,27,30.5555555555555,33,30.5555555555555,30.55933677247939,30.5555555555555,100,39.7945528154113,100,39.7945528154113,-54.76371274627244,192.89977193162784,1,p_m.10,m0.7,p_m.12,0,p_m.10,0,p_m.10
26.32235251812741,27,26.77393618977226,30.566904799560746,30.5555555555555,30.560642438368355,30.5555555555555,100,138.90982331397245,207.7169177019701,44.93784485813712,-59.87962825797712,192.89103159206726,1,30.174173050420087,27,30.5555555555555,33,30.5555555555555,30.55933677247939,30.5555555555555,100,39.7945528154113,100,39.7945528154113,-54.76371274627244,192.89977193162784,1,p_m.10,m0.7,p_m.12,0,p_m.10,0,p_m.10
26.32235251812741,27,26.77393618977226,30.566904799560746,30.5555555555555,30.560642438368355,30.5555555555555,100,138.90982331397245,207.7169177019701,44.93784485813712,-59.87962825797712,192.89103159206726,1,30.174173050420087,27,30.5555555555555,33,30.5555555555555,30.55933677247939,30.5555555555555,100,39.7945528154113,100,39.7945528154113,-54.76371274627244,192.89977193162784,1,p_m.10,m0.7,p_m.12,0,p_m.10,0,p_m.10
26.32235251812741,27,26.77393618977226,30.566904799560746,30.5555555555555,30.560642438368355,30.5555555555555,100,138.90982331397245,207.7169177019701,44.93784485813712,-59.87962825797712,192.89103159206726,1,30.174173050420087,27,30.5555555555555,33,30.5555555555555,30.55933677247939,30.5555555555555,100,39.7945528154113,100,39.7945528154113,-54.76371274627244,192.89977193162784,1,p_m.10,m0.7,p_m.12,0,p_m.10,0,p_m.10
26.32235251812741,27,26.77393618977226,30.566904799560746,30.5555555555555,30.560642438368355,30.5555555555555,100,138.90982331397245,207.7169177019701,44.93784485813712,-59.87962825797712,192.89103159206726,1,30.174173050420087,27,30.5555555555555,33,30.5555555555555,30.55933677247939,30.5555555555555,100,39.7945528154113,100,39.7945528154113,-54.76371274627244,192.89977193162784,1,p_m.10,m0.7,p_m.12,0,p_m.10,0,p_m.10
26.32235251812741,27,26.77393618977226,30.566904799560746,30.5555555555555,30.560642438368355,30.5555555555555,100,138.90982331397245,207.7169177019701,44.93784485813712,-59.87962825797712,192.89103159206726,1,30.174173050420087,27,30.5555555555555,33,30.5555555555555,30.55933677247939,30.5555555555555,100,39.7945528154113,100,39.7945528154113,-54.76371274627244,192.89977193162784,1,p_m.10,m0.7,p_m.12,0,p_m.10,0,p_m.10
26.32235251812741,27,26.77393618977226,30.566904799560746,30.5555555555555,30.560642438368355,30.5555555555555,100,138.90982331397245,207.7169177019701,44.93784485813712,-59.87962825797712,192.89103159206726,1,30.174173050420087,27,30.5555555555555,33,30.5555555555555,30.55933677247939,30.5555555555555,100,39.7945528154113,100,39.7945528154113,-54.76371274627244,192.89977193162784,1,p_m.10,m0.7,p_m.12,0,p_m.10,0,p_m.10
26.32235251812741,27,26.77393618977226,30.566904799560746,30.5555555555555,30.560642438368355,30.5555555555555,100,138.90982331397245,207.7169177019701,44.93784485813712,-59.87962825797712,192.89103159206726,1,30.174173050420087,27,30.5555555555555,33,30.5555555555555,30.55933677247939,30.5555555555555,100,39.7945528154113,100,39.7945528154113,-54.76371274627244,192.89977193162784,1,p_m.10,m0.7,p_m.12,0,p_m.10,0,p_m.10
26.32235251812741,27,26.77393618977226,30.566904799560746,30.5555555555555,30.560642438368355,30.5555555555555,100,138.90982331397245,207.7169177019701,44.93784485813712,-59.87962825797712,192.89103159206726,1,30.174173050420087,27,30.5555555555555,33,30.5555555555555,30.55933677247939,30.5555555555555,100,39.7945528154113,100,39.7945528154113,-54.76371274627244,192.89977193162784,1,p_m.10,m0.7,p_m.12,0,p_m.10,0,p_m.10
26.32235251812741,27,26.77393618977226,30.566904799560746,30.5555555555555,30.560642438368355,30.5555555555555,100,138.90982331397245,207.7169177019701,44.93784485813712,-59.87962825797712,192.89103159206726,1,30.174173050420087,27,30.5555555555555,33,30.5555555555555,30.55933677247939,30.5555555555555,100,39.7945528154113,100,39.7945528154113,-54.76371274627244,192.89977193162784,1,p_m.10,m0.7,p_m.12,0,p_m.10,0,p_m.10
26.32235251812741,27,26.77393618977226,30.566904799560746,30.5555555555555,30.560642438368355,30.5555555555555,100,138.90982331397245,207.7169177019701,44.93784485813712,-59.87962825797712,192.89103159206726,1,30.174173050420087,27,30.5555555555555,33,30.5555555555555,30.55933677247939,30.5555555555555,100,39.7945528154113,100,39.7945528154113,-54.76371274627244,192.89977193162784,1,p_m.10,m0.7,p_m.12,0,p_m.10,0,p_m.10
26.32235251812741,27,26.77393618977226,30.566904799560746,30.5555555555555,30.560642438368355,30.5555555555555,100,138.90982331397245,207.7169177019701,44.93784485813712,-59.87962825797712,192.89103159206726,1,30.174173050420087,27,30.5555555555555,33,30.5555555555555,30.55933677247939,30.5555555555555,100,39.7945528154113,100,39.7945528154113,-54.76371274627244,192.89977193162784,1,p_m.10,m0.7,p_m.12,0,p_m.10,0,p_m.10
26.32235251812741,27,26.77393618977226,30.566904799560746,30.5555555555555,30.560642438368355,30.5555555555555,100,138.90982331397245,207.7169177019701,44.93784485813712,-59.87962825797712,192.89103159206726,1,30.174173050420087,27,30.5555555555555,33,30.5555555555555,30.55933677247939,30.5555555555555,100,39.7945528154113,100,39.7945528154113,-54.76371274627244,192.89977193162784,1,p_m.10,m0.7,p_m.12,0,p_m.10,0,p_m.10
26.32235251812741,27,26.77393618977226,30.566904799560746,30.5555555555555,30.560642438368355,30.5555555555555,100,138.90982331397245,207.7169177019701,44.93784485813712,-59.87962825797712,192.89103159206726,1,30.174173050420087,27,30.5555555555555,33,30.5555555555555,30.55933677247939,30.5555555555555,100,39.7945528154113,100,39.7945528154113,-54.76371274627244,192.89977193162784,1,p_m.10,m0.7,p_m.12,0,p_m.10,0,p_m.10
26.32235251812741,27,26.77393618977226,30.566904799560746,30.5555555555555,30.560642438368355,30.5555555555555,100,138.90982331397245,207.7169177019701,44.93784485813712,-59.87962825797712,192.89103159206726,1,30.174173050420087,27,30.5555555555555,33,30.5555555555555,30.55933677247939,30.5555555555555,100,39.7945528154113,100,39.7945528154113,-54.76371274627244,192.89977193162784,1,p_m.10,m0.7,p_m.12,0,p_m.10,0,p_m.10
26.32235251812741,27,26.77393618977226,30.566904799560746,30.5555555555555,30.560642438368355,30.5555555555555,100,138.90982331397245,207.7169177019701,44.93784485813712,-59.87962825797712,192.89103159206726,1,30.174173050420087,27,30.5555555555555,33,30.5555555555555,30.55933677247939,30.5555555555555,100,39.7945528154113,100,39.7945528154113,-54.76371274627244,192.89977193162784,1,p_m.10,m0.7,p_m.12,0,p_m.10,0,p_m.10
26.32235251812741,27,26.77393618977226,30.566904799560746,30.5555555555555,30.560642438368355,30.5555555555555,100,138.90982331397245,207.7169177019701,44.93784485813712,-59.87962825797712,192.89103159206726,1,30.174173050420087,27,30.5555555555555,33,30.5555555555555,30.55933677247939,30.5555555555555,100,39.7945528154113,100,39.7945528154113,-54.76371274627244,192.89977193162784,1,p_m.10,m0.7,p_m.12,0,p_m.10,0,p_m.10
26.32235251812741,27,26.77393618977226,30.566904799560746,30.5555555555555,30.560642438368355,30.5555555555555,100,138.90982331397245,207.7169177019701,44.93784485813712,-59.87962825797712,192.89103159206726,1,30.174173050420087,27,30.5555555555555,33,30.5555555555555,30.55933677247939,30.5555555555555,100,39.7945528154113,100,39.7945528154113,-54.76371274627244,192.89977193162784,1,p_m.10,m0.7,p_m.12,0,p_m.10,0,p_m.10
26.32235251812741,27,26.77393618977226,30.566904799560746,30.5555555555555,30.560642438368355,30.5555555555555,100,138.90982331397245,207.7169177019701,44.93784485813712,-59.87962825797712,192.89103159206726,1,30.174173050420087,27,30.5555555555555,33,30.5555555555555,30.55933677247939,30.5555555555555,100,39.7945528154113,100,39.7945528154113,-54.76371274627244,192.89977193162784,1,p_m.10,m0.7,p_m.12,0,p_m.10,0,p_m.10
26.32235251812741,27,26.77393618977226,30.566904799560746,30.5555555555555,30.560642438368355,30.5555555555555,100,138.90982331397245,207.7169177019701,44.93784485813712,-59.87962825797712,192.89103159206726,1,30.174173050420087,27,30.5555555555555,33,30.5555555555555,30.55933677247939,30.5555555555555,100,39.7945528154113,100,39.7945528154113,-54.76371274627244,192.89977193162784,1,p_m.10,m0.7,p_m.12,0,p_m.10,0,p_m.10
26.32235251812741,27,26.77393618977226,30.566904799560746,30.5555555555555,30.560642438368355,30.5555555555555,100,138.90982331397245,207.7169177019701,44.93784485813712,-59.87962825797712,192.89103159206726,1,30.174173050420087,27,30.5555555555555,33,30.5555555555555,30.55933677247939,30.5555555555555,100,39.7945528154113,100,39.7945528154113,-54.76371274627244,192.89977193162784,1,p_m.10,m0.7,p_m.12,0,p_m.10,0,p_m.10
26.32235251812741,27,26.77393618977226,30.566904799560746,30.5555555555555,30.560642438368355,30.5555555555555,100,138.90982331397245,207.7169177019701,44.93784485813712,-59.87962825797712,192.89103159206726,1,30.174173050420087,27,30.5555555555555,33,30.5555555555555,30.55933677247939,30.5555555555555,100,39.7945528154113,100,39.7945528154113,-54.76371274627244,192.89977193162784,1,p_m.10,m0.7,p_m.12,0,p_m.10,0,p_m.10
26.32235251812741,27,26.77393618977226,30.566904799560746,30.5555555555555,30.560642438368355,30.5555555555555,100,138.90982331397245,207.7169177019701,44.93784485813712,-59.87962825797712,192.89103159206726,1,30.174173050420087,27,30.5555555555555,33,30.5555555555555,30.55933677247939,30.5555555555555,100,39.7945528154113,100,39.7945528154113,-54.76371274627244,192.89977193162784,1,p_m.10,m0.7,p_m.12,0,p_m.10,0,p_m.10
26.32235251812741,27,26.77393618977226,30.566904799560746,30.5555555555555,30.560642438368355,30.5555555555555,100,138.90982331397245,207.7169177019701,44.93784485813712,-59.87962825797712,192.89103159206726,1,30.174173050420087,27,30.5555555555555,33,30.5555555555555,30.55933677247939,30.5555555555555,100,39.7945528154113,100,39.7945528154113,-54.76371274627244,192.89977193162784,1,p_m.10,m0.7,p_m.12,0,p_m.10,0,p_m.10
26.32235251812741,27,26.77393618977226,30.566904799560746,30.5555555555555,30.560642438368355,30.5555555555555,100,138.90982331397245,207.7169177019701,44.93784485813712,-59.87962825797712,192.89103159206726,1,30.174173050420087,27,30.5555555555555,33,30.5555555555555,30.55933677247939,30.5555555555555,100,39.7945528154113,100,39.7945528154113,-54.76371274627244,192.89977193162784,1,p_m.10,m0.7,p_m.12,0,p_m.10,0,p_m.10
26.32235251812741,27,26.77393618977226,30.566904799560746,30.5555555555555,30.560642438368355,30.5555555555555,100,138.90982331397245,207.7169177019701,44.93784485813712,-59.87962825797712,192.89103159206726,1,30.174173050420087,27,30.5555555555555,33,30.5555555555555,30.55933677247939,30.5555555555555,100,39.7945528154113,100,39.7945528154113,-54.76371274627244,192.89977193162784,1,p_m.10,m0.7,p_m.12,0,p_m.10,0,p_m.10
26.32235251812741,27,26.77393618977226,30.566904799560746,30.5555555555555,30.560642438368355,30.5555555555555,100,138.90982331397245,207.7169177019701,44.93784485813712,-59.87962825797712,192.89103159206726,1,30.174173050420087,27,30.5555555555555,33,30.5555555555555,30.55933677247939,30.5555555555555,100,39.7945528154113,100,39.7945528154113,-54.76371274627244,192.89977193162784,1,p_m.10,m0.7,p_m.12,0,p_m.10,0,p_m.10
26.32235251812741,27,26.77393618977226,30.566904799560746,30.5555555555555,30.560642438368355,30.5555555555555,100,138.90982331397245,207.7169177019701,44.93784485813712,-59.87962825797712,192.89103159206726,1,30.174173050420087,27,30.5555555555555,33,30.5555555555555,30.55933677247939,30.5555555555555,100,39.7945528154113,100,39.7945528154113,-54.76371274627244,192.89977193162784,1,p_m.10,m0.7,p_m.12,0,p_m.10,0,p_m.10
26.32235251812741,27,26.77393618977226,30.566904799560746,30.5555555555555,30.560642438368355,30.5555555555555,100,138.90982331397245,207.7169177019701,44.93784485813712,-59.87962825797712,192.89103159206726,1,30.174173050420087,27,30.5555555555555,33,30.5555555555555,30.55933677247939,30.5555555555555,100,39.7945528154113,100,39.7945528154113,-54.76371274627244,192.89977193162784,1,p_m.10,m0.7,p_m.12,0,p_m.10,0,p_m.10
26.32235251812741,27,26.77393618977226,30.566904799560746,30.5555555555555,30.560642438368355,30.5555555555555,100,138.90982331397245,207.7169177019701,44.93784485813712,-59.87962825797712,192.89103159206726,1,30.174173050420087,27,30.5555555555555,33,30.5555555555555,30.55933677247939,30.5555555555555,100,39.7945528154113,100,39.7945528154113,-54.76371274627244,192.89977193162784,1,p_m.10,m0.7,p_m.12,0,p_m.10,0,p_m.10
26.32235251812741,27,26.77393618977226,30.566904799560746,30.5555555555555,30.560642438368355,30.5555555555555,100,138.90982331397245,207.7169177019701,44.93784485813712,-59.87962825797712,192.89103159206726,1,30.174173050420087,27,30.5555555555555,33,30.5555555555555,30.55933677247939,30.5555555555555,100,39.7945528154113,100,39.7945528154113,-54.76371274627244,192.89977193162784,1,p_m.10,m0.7,p_m.12,0,p_m.10,0,p_m.10
26.32235251812741,27,26.77393618977226,30.566904799560746,30.5555555555555,30.560642438368355,30.5555555555555,100,138.90982331397245,207.7169177019701,44.93784485813712,-59.87962825797712,192.89103159206726,1,30.174173050420087,27,30.5555555555555,33,30.5555555555555,30.55933677247939,30.5555555555555,100,39.7945528154113,100,39.7945528154113,-54.76371274627244,192.89977193162784,1,p_m.10,m0.7,p_m.12,0,p_m.10,0,p_m.10
26.32235251812741,27,26.77393618977226,30.566904799560746,30.5555555555555,30.560642438368355,30.5555555555555,100,138.90982331397245,207.7169177019701,44.93784485813712,-59.87962825797712,192.89103159206726,1,30.174173050420087,27,30.5555555555555,33,30.5555555555555,30.55933677247939,30.5555555555555,100,39.7945528154113,100,39.7945528154113,-54.76371274627244,192.89977193162784,1,p_m.10,m0.7,p_m.12,0,p_m.10,0,p_m.10
26.32235251812741,27,26.77393618977226,30.566904799560746,30.5555555555555,30.560642438368355,30.5555555555555,100,138.90982331397245,207.7169177019701,44.93784485813712,-59.87962825797712,192.89103159206726,1,30.174173050420087,27,30.5555555555555,33,30.5555555555555,30.55933677247939,30.5555555555555,100,39.7945528154113,100,39.7945528154113,-54.76371274627244,192.89977193162784,1,p_m.10,m0.7,p_m.12,0,p_m.10,0,p_m.10
26.32235251812741,27,26.77393618977226,30.566904799560746,30.5555555555555,30.560642438368355,30.5555555555555,100,138.90982331397245,207.7169177019701,44.93784485813712,-59.87962825797712,192.89103159206726,1,30.174173050420087,27,30.5555555555555,33,30.5555555555555,30.55933677247939,30.5555555555555,100,39.7945528154113,100,39.7945528154113,-54.76371274627244,192.89977193162784,1,p_m.10,m0.7,p_m.12,0,p_m.10,0,p_m.10
26.32235251812741,27,26.77393618977226,30.566904799560746,30.5555555555555,30.560642438368355,30.5555555555555,100,138.90982331397245,207.7169177019701,44.93784485813712,-59.87962825797712,192.89103159206726,1,30.174173050420087,27,30.5555555555555,33,30.5555555555555,30.55933677247939,30.5555555555555,100,39.7945528154113,100,39.7945528154113,-54.76371274627244,192.89977193162784,1,p_m.10,m0.7,p_m.12,0,p_m.10,0,p_m.10
26.32235251812741,27,26.77393618977226,30.566904799560746,30.5555555555555,30.560642438368355,30.5555555555555,100,138.90982331397245,207.7169177019701,44.93784485813712,-59.87962825797712,192.89103159206726,1,30.174173050420087,27,30.5555555555555,33,30.5555555555555,30.55933677247939,30.5555555555555,100,39.7945528154113,100,39.7945528154113,-54.76371274627244,192.89977193162784,1,p_m.10,m0.7,p_m.12,0,p_m.10,0,p_m.10
26.32235251812741,27,26.77393618977226,30.566904799560746,30.5555555555555,30.560642438368355,30.5555555555555,100,138.90982331397245,207.7169177019701,44.93784485813712,-59.87962825797712,192.89103159206726,1,30.174173050420087,27,30.5555555555555,33,30.5555555555555,30.55933677247939,30.5555555555555,100,39.7945528154113,100,39.7945528154113,-54.76371274627244,192.89977193162784,1,p_m.10,m0.7,p_m.12,0,p_m.10,0,p_m.10
26.32235251812741,27,26.77393618977226,30.566904799560746,30.5555555555555,30.560642438368355,30.5555555555555,100,138.90982331397245,207.7169177019701,44.93784485813712,-59.87962825797712,192.89103159206726,1,30.174173050420087,27,30.5555555555555,33,30.5555555555555,30.55933677247939,30.5555555555555,100,39.7945528154113,100,39.7945528154113,-54.76371274627244,192.89977193162784,1,p_m.10,m0.7,p_m.12,0,p_m.10,0,p_m.10
26.32235251812741,27,26.77393618977226,30.566904799560746,30.5555555555555,30.560642438368355,30.5555555555555,100,138.90982331397245,207.7169177019701,44.93784485813712,-59.87962825797712,192.89103159206726,1,30.174173050420087,27,30.5555555555555,33,30.5555555555555,30.55933677247939,30.5555555555555,100,39.7945528154113,100,39.7945528154113,-54.76371274627244,192.89977193162784,1,p_m.10,m0.7,p_m.12,0,p_m.10,0,p_m.10
26.32235251812741,27,26.77393618977226,30.566904799560746,30.5555555555555,30.560642438368355,30.5555555555555,100,138.90982331397245,207.7169177019701,44.93784485813712,-59.87962825797712,192.89103159206726,1,30.174173050420087,27,30.5555555555555,33,30.5555555555555,30.55933677247939,30.5555555555555,100,39.7945528154113,100,39.7945528154113,-54.76371274627244,192.89977193162784,1,p_m.10,m0.7,p_m.12,0,p_m.10,0,p_m.10
26.32235251812741,27,26.77393618977226,30.566904799560746,30.5555555555555,30.560642438368355,30.5555555555555,100,138.90982331397245,207.7169177019701,44.93784485813712,-59.87962825797712,192.89103159206726,1,30.174173050420087,27,30.5555555555555,33,30.5555555555555,30.55933677247939,30.5555555555555,100,39.7945528154113,100,39.7945528154113,-54.76371274627244,192.89977193162784,1,p_m.10,m0.7,p_m.12,0,p_m.10,0,p_m.10
26.32235251812741,27,26.77393618977226,30.566904799560746,30.5555555555555,30.560642438368355,30.5555555555555,100,138.90982331397245,207.7169177019701,44.93784485813712,-59.87962825797712,192.89103159206726,1,30.174173050420087,27,30.5555555555555,33,30.5555555555555,30.55933677247939,30.5555555555555,100,39.7945528154113,100,39.7945528154113,-54.76371274627244,192.89977193162784,1,p_m.10,m0.7,p_m.12,0,p_m.10,0,p_m.10
26.32235251812741,27,26.77393618977226,30.566904799560746,30.5555555555555,30.560642438368355,30.5555555555555,100,138.90982331397245,207.7169177019701,44.93784485813712,-59.87962825797712,192.89103159206726,1,30.174173050420087,27,30.5555555555555,33,30.5555555555555,30.55933677247939,30.5555555555555,100,39.7945528154113,100,39.7945528154113,-54.76371274627244,192.89977193162784,1,p_m.10,m0.7,p_m.12,0,p_m.10,0,p_m.10
26.32235251812741,27,26.77393618977226,30.566904799560746,30.5555555555555,30.560642438368355,30.5555555555555,100,138.90982331397245,207.7169177019701,44.93784485813712,-59.87962825797712,192.89103159206726,1,30.174173050420087,27,30.5555555555555,33,30.5555555555555,30.55933677247939,30.5555555555555,100,39.7945528154113,100,39.7945528154113,-54.76371274627244,192.89977193162784,1,p_m.10,m0.7,p_m.12,0,p_m.10,0,p_m.10
26.32235251812741,27,26.77393618977226,30.566904799560746,30.5555555555555,30.560642438368355,30.5555555555555,100,138.90982331397245,207.7169177019701,44.93784485813712,-59.87962825797712,192.89103159206726,1,30.174173050420087,27,30.5555555555555,33,30.5555555555555,30.55933677247939,30.5555555555555,100,39.7945528154113,100,39.7945528154113,-54.76371274627244,192.89977193162784,1,p_m.10,m0.7,p_m.12,0,p_m.10,0,p_m.10
26.32235251812741,27,26.77393618977226,30.566904799560746,30.5555555555555,30.560642438368355,30.5555555555555,100,138.90982331397245,207.7169177019701,44.93784485813712,-59.87962825797712,192.89103159206726,1,30.174173050420087,27,30.5555555555555,33,30.5555555555555,30.55933677247939,30.5555555555555,100,39.7945528154113,100,39.7945528154113,-54.76371274627244,192.89977193162784,1,p_m.10,m0.7,p_m.12,0,p_m.10,0,p_m.10
26.32235251812741,27,26.77393618977226,30.566904799560746,30.5555555555555,30.560642438368355,30.5555555555555,100,138.90982331397245,207.7169177019701,44.93784485813712,-59.87962825797712,192.89103159206726,1,30.174173050420087,27,30.5555555555555,33,30.5555555555555,30.55933677247939,30.5555555555555,100,39.7945528154113,100,39.7945528154113,-54.76371274627244,192.89977193162784,1,p_m.10,m0.7,p_m.12,0,p_m.10,0,p_m.10
26.32235251812741,27,26.77393618977226,30.566904799560746,30.5555555555555,30.560642438368355,30.5555555555555,100,138.90982331397245,207.7169177019701,44.93784485813712,-59.87962825797712,192.89103159206726,1,30.174173050420087,27,30.5555555555555,33,30.5555555555555,30.55933677247939,30.5555555555555,100,39.7945528154113,100,39.7945528154113,-54.76371274627244,192.89977193162784,1,p_m.10,m0.7,p_m.12,0,p_m.10,0,p_m.10
26.32235251812741,27,26.77393618977226,30.566904799560746,30.5555555555555,30.560642438368355,30.5555555555555,100,138.90982331397245,207.7169177019701,44.93784485813712,-59.87962825797712,192.89103159206726,1,30.174173050420087,27,30.5555555555555,33,30.5555555555555,30.55933677247939,30.5555555555555,100,39.7945528154113,100,39.7945528154113,-54.76371274627244,192.89977193162784,1,p_m.10,m0.7,p_m.12,0,p_m.10,0,p_m.10
26.32235251812741,27,26.77393618977226,30.566904799560746,30.5555555555555,30.560642438368355,30.5555555555555,100,138.90982331397245,207.7169177019701,44.93784485813712,-59.87962825797712,192.89103159206726,1,30.174173050420087,27,30.5555555555555,33,30.5555555555555,30.55933677247939,30.5555555555555,100,39.7945528154113,100,39.7945528154113,-54.76371274627244,192.89977193162784,1,p_m.10,m0.7,p_m.12,0,p_m.10,0,p_m.10
26.32235251812741,27,26.77393618977226,30.566904799560746,30.5555555555555,30.560642438368355,30.5555555555555,100,138.90982331397245,207.7169177019701,44.93784485813712,-59.87962825797712,192.89103159206726,1,30.174173050420087,27,30.5555555555555,33,30.5555555555555,30.55933677247939,30.5555555555555,100,39.7945528154113,100,39.7945528154113,-54.76371274627244,192.89977193162784,1,p_m.10,m0.7,p_m.12,0,p_m.10,0,p_m.10
26.32235251812741,27,26.77393618977226,30.566904799560746,30.5555555555555,30.560642438368355,30.5555555555555,100,138.90982331397245,207.7169177019701,44.93784485813712,-59.87962825797712,192.89103159206726,1,30.174173050420087,27,30.5555555555555,33,30.5555555555555,30.55933677247939,30.5555555555555,100,39.7945528154113,100,39.7945528154113,-54.76371274627244,192.89977193162784,1,p_m.10,m0.7,p_m.12,0,p_m.10,0,p_m.10
26.32235251812741,27,26.77393618977226,30.566904799560746,30.5555555555555,30.560642438368355,30.5555555555555,100,138.90982331397245,207.7169177019701,44.93784485813712,-59.87962825797712,192.89103159206726,1,30.174173050420087,27,30.5555555555555,33,30.5555555555555,30.55933677247939,30.5555555555555,100,39.7945528154113,100,39.7945528154113,-54.76371274627244,192.89977193162784,1,p_m.10,m0.7,p_m.12,0,p_m.10,0,p_m.10
26.32235251812741,27,26.77393618977226,30.566904799560746,30.5555555555555,30.560642438368355,30.5555555555555,100,138.90982331397245,207.7169177019701,44.93784485813712,-59.87962825797712,192.89103159206726,1,30.174173050420087,27,30.5555555555555,33,30.5555555555555,30.55933677247939,30.5555555555555,100,39.7945528154113,100,39.7945528154113,-54.76371274627244,192.89977193162784,1,p_m.10,m0.7,p_m.12,0,p_m.10,0,p_m.10
26.32235251812741,27,26.77393618977226,30.566904799560746,30.5555555555555,30.560642438368355,30.5555555555555,100,138.90982331397245,207.7169177019701,44.93784485813712,-59.87962825797712,192.89103159206726,1,30.174173050420087,27,30.5555555555555,33,30.5555555555555,30.55933677247939,30.5555555555555,100,39.7945528154113,100,39.7945528154113,-54.76371274627244,192.89977193162784,1,p_m.10,m0.7,p_m.12,0,p_m.10,0,p_m.10
26.32235251812741,27,26.77393618977226,30.566904799560746,30.5555555555555,30.560642438368355,30.5555555555555,100,138.90982331397245,207.7169177019701,44.93784485813712,-59.87962825797712,192.89103159206726,1,30.174173050420087,27,30.5555555555555,33,30.5555555555555,30.55933677247939,30.5555555555555,100,39.7945528154113,100,39.7945528154113,-54.76371274627244,192.89977193162784,1,p_m.10,m0.7,p_m.12,0,p_m.10,0,p_m.10
26.32235251812741,27,26.77393618977226,30.566904799560746,30.5555555555555,30.560642438368355,30.5555555555555,100,138.90982331397245,207.7169177019701,44.93784485813712,-59.87962825797712,192.89103159206726,1,30.174173050420087,27,30.5555555555555,33,30.5555555555555,30.55933677247939,30.5555555555555,100,39.7945528154113,100,39.7945528154113,-54.76371274627244,192.89977193162784,1,p_m.10,m0.7,p_m.12,0,p_m.10,0,p_m.10
26.32235251812741,27,26.77393618977226,30.566904799560746,30.5555555555555,30.560642438368355,30.5555555555555,100,138.90982331397245,207.7169177019701,44.93784485813712,-59.87962825797712,192.89103159206726,1,30.174173050420087,27,30.5555555555555,33,30.5555555555555,30.55933677247939,30.5555555555555,100,39.7945528154113,100,39.7945528154113,-54.76371274627244,192.89977193162784,1,p_m.10,m0.7,p_m.12,0,p_m.10,0,p_m.10
26.32235251812741,27,26.77393618977226,30.566904799560746,30.5555555555555,30.560642438368355,30.5555555555555,100,138.90982331397245,207.7169177019701,44.93784485813712,-59.87962825797712,192.89103159206726,1,30.174173050420087,27,30.5555555555555,33,30.5555555555555,30.55933677247939,30.5555555555555,100,39.7945528154113,100,39.7945528154113,-54.76371274627244,192.89977193162784,1,p_m.10,m0.7,p_m.12,0,p_m.10,0,p_m.10
26.32235251812741,27,26.77393618977226,30.566904799560746,30.5555555555555,30.560642438368355,30.5555555555555,100,138.90982331397245,207.7169177019701,44.93784485813712,-59.87962825797712,192.89103159206726,1,30.174173050420087,27,30.5555555555555,33,30.5555555555555,30.55933677247939,30.5555555555555,100,39.7945528154113,100,39.7945528154113,-54.76371274627244,192.89977193162784,1,p_m.10,m0.7,p_m.12,0,p_m.10,0,p_m.10
26.32235251812741,27,26.77393618977226,30.566904799560746,30.5555555555555,30.560642438368355,30.5555555555555,100,138.90982331397245,207.7169177019701,44.93784485813712,-59.87962825797712,192.89103159206726,1,30.174173050420087,27,30.5555555555555,33,30.5555555555555,30.55933677247939,30.5555555555555,100,39.7945528154113,100,39.7945528154113,-54.76371274627244,192.89977193162784,1,p_m.10,m0.7,p_m.12,0,p_m.10,0,p_m.10
26.32235251812741,27,26.77393618977226,30.566904799560746,30.5555555555555,30.560642438368355,30.5555555555555,100,138.90982331397245,207.7169177019701,44.93784485813712,-59.87962825797712,192.89103159206726,1,30.174173050420087,27,30.5555555555555,33,30.5555555555555,30.55933677247939,30.5555555555555,100,39.7945528154113,100,39.7945528154113,-54.76371274627244,192.89977193162784,1,p_m.10,m0.7,p_m.12,0,p_m.10,0,p_m.10
26.32235251812741,27,26.77393618977226,30.566904799560746,30.5555555555555,30.560642438368355,30.5555555555555,100,138.90982331397245,207.7169177019701,44.93784485813712,-59.87962825797712,192.89103159206726,1,30.174173050420087,27,30.5555555555555,33,30.5555555555555,30.55933677247939,30.5555555555555,100,39.7945528154113,100,39.7945528154113,-54.76371274627244,192.89977193162784,1,p_m.10,m0.7,p_m.12,0,p_m.10,0,p_m.10
26.32235251812741,27,26.77393618977226,30.566904799560746,30.5555555555555,30.560642438368355,30.5555555555555,100,138.90982331397245,207.7169177019701,44.93784485813712,-59.87962825797712,192.89103159206726,1,30.174173050420087,27,30.5555555555555,33,30.5555555555555,30.55933677247939,30.5555555555555,100,39.7945528154113,100,39.7945528154113,-54.76371274627244,192.89977193162784,1,p_m.10,m0.7,p_m.12,0,p_m.10,0,p_m.10
26.32235251812741,27,26.77393618977226,30.566904799560746,30.5555555555555,30.560642438368355,30.5555555555555,100,138.90982331397245,207.7169177019701,44.93784485813712,-59.87962825797712,192.89103159206726,1,30.174173050420087,27,30.5555555555555,33,30.5555555555555,30.55933677247939,30.5555555555555,100,39.7945528154113,100,39.7945528154113,-54.76371274627244,192.89977193162784,1,p_m.10,m0.7,p_m.12,0,p_m.10,0,p_m.10
26.32235251812741,27,26.77393618977226,30.566904799560746,30.5555555555555,30.560642438368355,30.5555555555555,100,138.90982331397245,207.7169177019701,44.93784485813712,-59.87962825797712,192.89103159206726,1,30.174173050420087,27,30.5555555555555,33,30.5555555555555,30.55933677247939,30.5555555555555,100,39.7945528154113,100,39.7945528154113,-54.76371274627244,192.89977193162784,1,p_m.10,m0.7,p_m.12,0,p_m.10,0,p_m.10
26.32235251812741,27,26.77393618977226,30.566904799560746,30.5555555555555,30.560642438368355,30.5555555555555,100,138.90982331397245,207.7169177019701,44.93784485813712,-59.87962825797712,192.89103159206726,1,30.174173050420087,27,30.5555555555555,33,30.5555555555555,30.55933677247939,30.5555555555555,100,39.7945528154113,100,39.7945528154113,-54.76371274627244,192.89977193162784,1,p_m.10,m0.7,p_m.12,0,p_m.10,0,p_m.10
26.32235251812741,27,26.77393618977226,30.566904799560746,30.5555555555555,30.560642438368355,30.5555555555555,100,138.90982331397245,207.7169177019701,44.93784485813712,-59.87962825797712,192.89103159206726,1,30.174173050420087,27,30.5555555555555,33,30.5555555555555,30.55933677247939,30.5555555555555,100,39.7945528154113,100,39.7945528154113,-54.76371274627244,192.89977193162784,1,p_m.10,m0.7,p_m.12,0,p_m.10,0,p_m.10
26.32235251812741,27,26.77393618977226,30.566904799560746,30.5555555555555,30.560642438368355,30.5555555555555,100,138.90982331397245,207.7169177019701,44.93784485813712,-59.87962825797712,192.89103159206726,1,30.174173050420087,27,30.5555555555555,33,30.5555555555555,30.55933677247939,30.5555555555555,100,39.7945528154113,100,39.7945528154113,-54.76371274627244,192.89977193162784,1,p_m.10,m0.7,p_m.12,0,p_m.10,0,p_m.10
26.32235251812741,27,26.77393618977226,30.566904799560746,30.5555555555555,30.560642438368355,30.5555555555555,100,138.90982331397245,207.7169177019701,44.93784485813712,-59.87962825797712,192.89103159206726,1,30.174173050420087,27,30.5555555555555,33,30.5555555555555,30.55933677247939,30.5555555555555,100,39.7945528154113,100,39.7945528154113,-54.76371274627244,192.89977193162784,1,p_m.10,m0.7,p_m.12,0,p_m.10,0,p_m.10
26.32235251812741,27,26.77393618977226,30.566904799560746,30.5555555555555,30.560642438368355,30.5555555555555,100,138.90982331397245,207.7169177019701,44.93784485813712,-59.87962825797712,192.89103159206726,1,30.174173050420087,27,30.5555555555555,33,30.5555555555555,30.55933677247939,30.5555555555555,100,39.7945528154113,100,39.7945528154113,-54.76371274627244,192.89977193162784,1,p_m.10,m0.7,p_m.12,0,p_m.10,0,p_m.10
26.32235251812741,27,26.77393618977226,30.566904799560746,30.5555555555555,30.560642438368355,30.5555555555555,100,138.90982331397245,207.7169177019701,44.93784485813712,-59.87962825797712,192.89103159206726,1,30.174173050420087,27,30.5555555555555,33,30.5555555555555,30.55933677247939,30.5555555555555,100,39.7945528154113,100,39.7945528154113,-54.76371274627244,192.89977193162784,1,p_m.10,m0.7,p_m.12,0,p_m.10,0,p_m.10
26.32235251812741,27,26.77393618977226,30.566904799560746,30.5555555555555,30.560642438368355,30.5555555555555,100,138.90982331397245,207.7169177019701,44.93784485813712,-59.87962825797712,192.89103159206726,1,30.174173050420087,27,30.5555555555555,33,30.5555555555555,30.55933677247939,30.5555555555555,100,39.7945528154113,100,39.7945528154113,-54.76371274627244,192.89977193162784,1,p_m.10,m0.7,p_m.12,0,p_m.10,0,p_m.10
26.32235251812741,27,26.77393618977226,30.566904799560746,30.5555555555555,30.560642438368355,30.5555555555555,100,138.90982331397245,207.7169177019701,44.93784485813712,-59.87962825797712,192.89103159206726,1,30.174173050420087,27,30.5555555555555,33,30.5555555555555,30.55933677247939,30.5555555555555,100,39.7945528154113,100,39.7945528154113,-54.76371274627244,192.89977193162784,1,p_m.10,m0.7,p_m.12,0,p_m.10,0,p_m.10
26.32235251812741,27,26.77393618977226,30.566904799560746,30.5555555555555,30.560642438368355,30.5555555555555,100,138.90982331397245,207.7169177019701,44.93784485813712,-59.87962825797712,192.89103159206726,1,30.174173050420087,27,30.5555555555555,33,30.5555555555555,30.55933677247939,30.5555555555555,100,39.7945528154113,100,39.7945528154113,-54.76371274627244,192.89977193162784,1,p_m.10,m0.7,p_m.12,0,p_m.10,0,p_m.10
26.32235251812741,27,26.77393618977226,30.566904799560746,30.5555555555555,30.560642438368355,30.5555555555555,100,138.90982331397245,207.7169177019701,44.93784485813712,-59.87962825797712,192.89103159206726,1,30.174173050420087,27,30.5555555555555,33,30.5555555555555,30.55933677247939,30.5555555555555,100,39.7945528154113,100,39.7945528154113,-54.76371274627244,192.89977193162784,1,p_m.10,m0.7,p_m.12,0,p_m.10,0,p_m.10
26.32235251812741,27,26.77393618977226,30.566904799560746,30.5555555555555,30.560642438368355,30.5555555555555,100,138.90982331397245,207.7169177019701,44.93784485813712,-59.87962825797712,192.89103159206726,1,30.174173050420087,27,30.5555555555555,33,30.5555555555555,30.55933677247939,30.5555555555555,100,39.7945528154113,100,39.7945528154113,-54.76371274627244,192.89977193162784,1,p_m.10,m0.7,p_m.12,0,p_m.10,0,p_m.10
26.32235251812741,27,26.77393618977226,30.566904799560746,30.5555555555555,30.560642438368355,30.5555555555555,100,138.90982331397245,207.7169177019701,44.93784485813712,-59.87962825797712,192.89103159206726,1,30.174173050420087,27,30.5555555555555,33,30.5555555555555,30.55933677247939,30.5555555555555,100,39.7945528154113,100,39.7945528154113,-54.76371274627244,192.89977193162784,1,p_m.10,m0.7,p_m.12,0,p_m.10,0,p_m.10
26.32235251812741,27,26.77393618977226,30.566904799560746,30.5555555555555,30.560642438368355,30.5555555555555,100,138.90982331397245,207.7169177019701,44.93784485813712,-59.87962825797712,192.89103159206726,1,30.174173050420087,27,30.5555555555555,33,30.5555555555555,30.55933677247939,30.5555555555555,100,39.7945528154113,100,39.7945528154113,-54.76371274627244,192.89977193162784,1,p_m.10,m0.7,p_m.12,0,p_m.10,0,p_m.10
26.32235251812741,27,26.77393618977226,30.566904799560746,30.5555555555555,30.560642438368355,30.5555555555555,100,138.90982331397245,207.7169177019701,44.93784485813712,-59.87962825797712,192.89103159206726,1,30.174173050420087,27,30.5555555555555,33,30.5555555555555,30.55933677247939,30.5555555555555,100,39.7945528154113,100,39.7945528154113,-54.76371274627244,192.89977193162784,1,p_m.10,m0.7,p_m.12,0,p_m.10,0,p_m.10
26.32235251812741,27,26.77393618977226,30.566904799560746,30.5555555555555,30.560642438368355,30.5555555555555,100,138.90982331397245,207.7169177019701,44.93784485813712,-59.87962825797712,192.89103159206726,1,30.174173050420087,27,30.5555555555555,33,30.5555555555555,30.55933677247939,30.5555555555555,100,39.7945528154113,100,39.7945528154113,-54.76371274627244,192.89977193162784,1,p_m.10,m0.7,p_m.12,0,p_m.10,0,p_m.10
26.32235251812741,27,26.77393618977226,30.566904799560746,30.5555555555555,30.560642438368355,30.5555555555555,100,138.90982331397245,207.7169177019701,44.93784485813712,-59.87962825797712,192.89103159206726,1,30.174173050420087,27,30.5555555555555,33,30.5555555555555,30.55933677247939,30.5555555555555,100,39.7945528154113,100,39.7945528154113,-54.76371274627244,192.89977193162784,1,p_m.10,m0.7,p_m.12,0,p_m.10,0,p_m.10
26.32235251812741,27,26.77393618977226,30.566904799560746,30.5555555555555,30.560642438368355,30.5555555555555,100,138.90982331397245,207.7169177019701,44.93784485813712,-59.87962825797712,192.89103159206726,1,30.174173050420087,27,30.5555555555555,33,30.5555555555555,30.55933677247939,30.5555555555555,100,39.7945528154113,100,39.7945528154113,-54.76371274627244,192.89977193162784,1,p_m.10,m0.7,p_m.12,0,p_m.10,0,p_m.10
26.32235251812741,27,26.77393618977226,30.566904799560746,30.5555555555555,30.560642438368355,30.5555555555555,100,138.90982331397245,207.7169177019701,44.93784485813712,-59.87962825797712,192.89103159206726,1,30.174173050420087,27,30.5555555555555,33,30.5555555555555,30.55933677247939,30.5555555555555,100,39.7945528154113,100,39.7945528154113,-54.76371274627244,192.89977193162784,1,p_m.10,m0.7,p_m.12,0,p_m.10,0,p_m.10
26.32235251812741,27,26.77393618977226,30.566904799560746,30.5555555555555,30.560642438368355,30.5555555555555,100,138.90982331397245,207.7169177019701,44.93784485813712,-59.87962825797712,192.89103159206726,1,30.174173050420087,27,30.5555555555555,33,30.5555555555555,30.55933677247939,30.5555555555555,100,39.7945528154113,100,39.7945528154113,-54.76371274627244,192.89977193162784,1,p_m.10,m0.7,p_m.12,0,p_m.10,0,p_m.10
26.32235251812741,27,26.77393618977226,30.566904799560746,30.5555555555555,30.560642438368355,30.5555555555555,100,138.90982331397245,207.7169177019701,44.93784485813712,-59.87962825797712,192.89103159206726,1,30.174173050420087,27,30.5555555555555,33,30.5555555555555,30.55933677247939,30.5555555555555,100,39.7945528154113,100,39.7945528154113,-54.76371274627244,192.89977193162784,1,p_m.10,m0.7,p_m.12,0,p_m.10,0,p_m.10
26.32235251812741,27,26.77393618977226,30.566904799560746,30.5555555555555,30.560642438368355,30.5555555555555,100,138.90982331397245,207.7169177019701,44.93784485813712,-59.87962825797712,192.89103159206726,1,30.174173050420087,27,30.5555555555555,33,30.5555555555555,30.55933677247939,30.5555555555555,100,39.7945528154113,100,39.7945528154113,-54.76371274627244,192.89977193162784,1,p_m.10,m0.7,p_m.12,0,p_m.10,0,p_m.10
26.32235251812741,27,26.77393618977226,30.566904799560746,30.5555555555555,30.560642438368355,30.5555555555555,100,138.90982331397245,207.7169177019701,44.93784485813712,-59.87962825797712,192.89103159206726,1,30.174173050420087,27,30.5555555555555,33,30.5555555555555,30.55933677247939,30.5555555555555,100,39.7945528154113,100,39.7945528154113,-54.76371274627244,192.89977193162784,1,p_m.10,m0.7,p_m.12,0,p_m.10,0,p_m.10
26.32235251812741,27,26.77393618977226,30.566904799560746,30.5555555555555,30.560642438368355,30.5555555555555,100,138.90982331397245,207.7169177019701,44.93784485813712,-59.87962825797712,192.89103159206726,1,30.174173050420087,27,30.5555555555555,33,30.5555555555555,30.55933677247939,30.5555555555555,100,39.7945528154113,100,39.7945528154113,-54.76371274627244,192.89977193162784,1,p_m.10,m0.7,p_m.12,0,p_m.10,0,p_m.10
26.32235251812741,27,26.77393618977226,30.566904799560746,30.5555555555555,30.560642438368355,30.5555555555555,100,138.90982331397245,207.7169177019701,44.93784485813712,-59.87962825797712,192.89103159206726,1,30.174173050420087,27,30.5555555555555,33,30.5555555555555,30.55933677247939,30.5555555555555,100,39.7945528154113,100,39.7945528154113,-54.76371274627244,192.89977193162784,1,p_m.10,m0.7,p_m.12,0,p_m.10,0,p_m.10
26.32235251812741,27,26.77393618977226,30.566904799560746,30.5555555555555,30.560642438368355,30.5555555555555,100,138.90982331397245,207.7169177019701,44.93784485813712,-59.87962825797712,192.89103159206726,1,30.174173050420087,27,30.5555555555555,33,30.5555555555555,30.55933677247939,30.5555555555555,100,39.7945528154113,100,39.7945528154113,-54.76371274627244,192.89977193162784,1,p_m.10,m0.7,p_m.12,0,p_m.10,0,p_m.10
26.32235251812741,27,26.77393618977226,30.566904799560746,30.5555555555555,30.560642438368355,30.5555555555555,100,138.90982331397245,207.7169177019701,44.93784485813712,-59.87962825797712,192.89103159206726,1,30.174173050420087,27,30.5555555555555,33,30.5555555555555,30.55933677247939,30.5555555555555,100,39.7945528154113,100,39.7945528154113,-54.76371274627244,192.89977193162784,1,p_m.10,m0.7,p_m.12,0,p_m.10,0,p_m.10
27.61651963654588,28.031235656422048,27,30.555555566180843,30.5555555555555,30.555556304735013,30.5555555555555,30.71028265977527,100,110.97491925648038,12.104647983737301,-26.743916363682313,184.00992050079395,1,27.61651963654588,28.031235656422048,27,30.555555566180843,30.5555555555555,30.555556304735013,30.5555555555555,30.71028265977527,100,110.97491925648038,12.104647983737301,-26.743916363682313,184.00992050079395,1,p_m.28,m0.25,p_m.30,m0.29,0,p_m.27,p_m.28
27.005163612150856,26.981601150890505,27,33,30.55559629580479,30.55790016599699,30.5555555555555,28.533363974859846,100,100,10.655876335648285,-25.247185490926526,228.45765643902124,1,27.005163612150856,26.981601150890505,27,33,30.55559629580479,30.55790016599699,30.5555555555555,28.533363974859846,100,100,10.655876335648285,-25.247185490926526,228.45765643902124,1,p_m.77,m0.89,p_m.80,m0.87,0,0,p_m.78
26.108843323298213,27,27,30.555555737529193,30.555559087581635,30.555559040809257,30.5555555555555,100,100,6.819884153161027,4.821645955204502,-3.6032051492767527,180.74145124205356,1,26.108843323298213,27,27,30.555555737529193,30.555559087581635,30.555559040809257,30.5555555555555,100,100,6.819884153161027,4.821645955204502,-3.6032051492767527,180.74145124205356,1,p_m.111,m0.125,p_m.113,0,0,p_m.112,p_m.113
29.04967169221204,26.335478437590112,25.843094387956306,30.555555630214357,30.555555555555607,30.555558616406984,30.5555555555555,56.622114018830544,73.54880408607117,175.72110839260253,9.549056724557781,-32.98465485372887,233.0017000034288,1,29.04967169221204,26.335478437590112,25.843094387956306,30.555555630214357,30.555555555555607,30.555558616406984,30.5555555555555,56.622114018830544,73.54880408607117,175.72110839260253,9.549056724557781,-32.98465485372887,233.0017000034288,1,p_m.137,m0.159,p_m.140,m0.154,m0.160,p_m.136,p_m.137
27.561134939222303,27.570387964536074,27.522701870187184,30.55566238351408,30.5555555555555,30.555770953441403,30.5555555555555,29.022369924258005,47.4828559588381,185.12999240887916,4.736656704906768,-18.379653273157537,179.9239261491154,1,27.561134939222303,27.570387964536074,27.522701870187184,30.55566238351408,30.5555555555555,30.555770953441403,30.5555555555555,29.022369924258005,47.4828559588381,185.12999240887916,4.736656704906768,-18.379653273157537,179.9239261491154,1,p_m.184,m0.224,p_m.186,m0.222,m0.225,p_m.183,p_m.184
28.73352879559021,27.76160768838703,27.274118729337676,30.555847512801133,30.5555555555555,30.556284730675575,30.5555555555555,91.7727600675802,102.36304656868238,106.07743711816751,8.786651780374935,-14.420642458326682,135.29168590399277,1,28.73352879559021,27.76160768838703,27.274118729337676,30.555847512801133,30.5555555555555,30.556284730675575,30.5555555555555,91.7727600675802,102.36304656868238,106.07743711816751,8.786651780374935,-14.420642458326682,135.29168590399277,1,p_m.246,m0.290,p_m.247,m0.298,m0.300,p_m.245,p_m.246
